yotta <- 1e24
zetta <- 1e21
exa <- 1e18
peta <- 1e15
tera <- 1e12
giga <- 1e9
mega <- 1e6
kilo <- 1e3
hecto <- 1e2
deca <- 1e1
deci <- 1e-1
centi <- 1e-2
milli <- 1e-3
micro <- 1e-6
nano <- 1e-9
pico <- 1e-12
femto <- 1e-15
atto <- 1e-18
zepto <- 1e-21
yocto <- 1e-24

si_factors <- c(
    y = 1e-24, z = 1e-21, a = 1e-18, f = 1e-15,
    p = 1e-12, n = 1e-09, u = 1e-06, m = 0.001,
    1,
    k = 1000, M = 1e+06, G = 1e+09, T = 1e+12,
    P = 1e+15, E = 1e+18, Z = 1e+21, Y = 1e+24
)
